3.2542280190545956
3.9354161152284775
3.9420806688854038
3.5281014724636255
2.8705400188814645
4.169832130913665
3.278719262151
4.706113045816048
5.256186830773807
4.115823125451334
3.6038174204584785
5.285830114561003
5.191338940966964
4.706113045816048
4.975942121849892
6.318821092577318
4.994747240852133
3.5763109484495326
4.85180378828328
5.812701609406766
6.645299090334459
5.327992117111285
7.09859140956852
5.526979283478454
8.805679985100527
7.1545440106270926
6.366121268087815
7.26016528737466
7.321202087089251
6.920982589199311
9.615092303249096
8.07712820252347
8.351496871818847
8.516307885463043
7.643788327786164
8.200457304321512
9.456611443852394
11.336225121265013
11.015784130056291
9.835649444749443
11.095494581135172
11.59784462734348
14.27401485217106
12.77145254072535
12.001145778632972
13.723702124426922
14.271912976192084
17.18545896972205
15.79841764228304
15.605367666287139
11.832582135780845
25.77964313174253
40.19934700962193
40.20382444494553
78.56607092123164
89.76685078579955
72.11398962753343
123.71195374740472
116.18214148482546
94.26997135885848
39.29198391529753
44.8413871328709
0.9433981132056604
31.43958492092413
1.1357816691600546
1.2757350822173072
0.66332495807108
1.0535653752852743
1.2
0.7664854858377946
0.8602325267042628
0.7348469228349536
1.2031209415515962
0.9797958971132712
0.6689544080129826
0.66332495807108
0.9630680142129111
0.864580823289529
0.9949874371066203
0.5722761571129799
0.8046738469715539
0.48989794855663577
0.7262919523166975
0.6782329983125269
0.6403124237432849
0.49749371855331004
0.49749371855331
0.6689544080129827
0.48989794855663577
0.7399324293474372
0.4330127018922193
0.5099019513592786
0.3570714214271425
0.4
0.3570714214271425
0.5099019513592786
0.0
0.3570714214271425
0.0
0.0
