987.1
976.75
965.4
955.05
944.4
933.25
923.5
912.95
899.85
888.4
879.25
870.6
857.5
849.05
834.8
824.85
814.95
802.1
791.4
780.75
770.8
758.25
748.9
734.55
724.4
711.25
702.35
688.7
679.0
667.0
654.5
642.4
630.95
614.65
603.15
592.45
583.15
566.7
554.95
541.4
524.3
514.7
501.55
482.3
475.65
461.6
446.25
427.4
413.9
397.85
379.7
368.1
343.75
319.05
285.35
263.75
230.15
150.55
117.1
56.35
16.2
18.5
3.1
10.05
2.9
2.65
2.6
2.7
2.4
2.25
2.4
2.4
2.55
2.2
2.05
2.4
2.15
2.05
2.1
1.65
2.05
1.6
1.65
1.8
1.7
1.45
1.45
1.55
1.4
1.45
1.25
1.2
1.15
1.2
1.15
1.2
1.0
1.15
1.0
1.0
